ROF 'F11.5' X Y Z TNX TNY LEN L M N
GLO N
RSI SO..I W2 F1 R1
    Double Gauss F/2 -  Available Glasses
    Position  1, Wavelength =   587.6 NM
            X           Y           Z         TANX        TANY       LENGTH         L           M           N
OBJ      0.00000     0.00000     0.00000     0.00000     0.00000                 0.00000     0.00000     1.00000
  1      0.00000     0.00000     0.00000     0.00000     0.00000     0.00000     0.00000     0.00000     1.62229
  2      0.00000     0.00000     0.00000     0.00000     0.00000     8.75000     0.00000     0.00000     1.00000
  3      0.00000     0.00000     0.00000     0.00000     0.00000     0.50000     0.00000     0.00000     1.60738
  4      0.00000     0.00000     0.00000     0.00000     0.00000    12.50000     0.00000     0.00000     1.60342
  5      0.00000     0.00000     0.00000     0.00000     0.00000     3.80000     0.00000     0.00000     1.00000
STO      0.00000     0.00000     0.00000     0.00000     0.00000    16.36944     0.00000     0.00000     1.00000
  7      0.00000     0.00000     0.00000     0.00000     0.00000    13.74796     0.00000     0.00000     1.60342
  8      0.00000     0.00000     0.00000     0.00000     0.00000     3.80000     0.00000     0.00000     1.62041
  9      0.00000     0.00000     0.00000     0.00000     0.00000    11.00000     0.00000     0.00000     1.00000
 10      0.00000     0.00000     0.00000     0.00000     0.00000     0.50000     0.00000     0.00000     1.62041
 11      0.00000     0.00000     0.00000     0.00000     0.00000     7.00000     0.00000     0.00000     1.00000
IMG      0.00000     0.00000     0.00000     0.00000     0.00000    61.08727     0.00000     0.00000     1.00000
                       OPD =    0.000 Waves
RSI SO..I W2 F1 R2
    Double Gauss F/2 -  Available Glasses
    Position  1, Wavelength =   587.6 NM
            X           Y           Z         TANX        TANY       LENGTH         L           M           N
OBJ      0.00000     0.00000     0.00000     0.00000     0.00000                 0.00000     0.00000     1.00000
  1      0.00000    25.00000     5.86643     0.00000    -0.18530     5.86643     0.00000    -0.29558     1.59514
  2      0.00000    24.10977     1.92063     0.00000    -0.20095     4.88598     0.00000    -0.19701     0.98040
  3      0.00000    22.84499     7.71453     0.00000    -0.39427     6.41972     0.00000    -0.58957     1.49535
  4      0.00000    20.95824     0.00000     0.00000    -0.39539     5.14398     0.00000    -0.58957     1.49109
  5      0.00000    16.78489     6.75494     0.00000    -0.11258    11.35004     0.00000    -0.11188     0.99372
STO      0.00000    15.70246     0.00000     0.00000    -0.11258     9.67525     0.00000    -0.11188     0.99372
  7      0.00000    14.61068    -4.05038     0.00000     0.15343     9.75884     0.00000     0.24317     1.58487
  8      0.00000    15.81516     0.00000     0.00000     0.15178     7.94224     0.00000     0.24317     1.60206
  9      0.00000    16.88295    -3.96509     0.00000    -0.05704     7.11548     0.00000    -0.05695     0.99838
 10      0.00000    16.58396     0.77681     0.00000    -0.07113     5.25042     0.00000    -0.11496     1.61632
 11      0.00000    16.26101    -1.68270     0.00000    -0.25883     4.55196     0.00000    -0.25057     0.96810
IMG      0.00000     0.01414     0.00000     0.00000    -0.25883    64.83849     0.00000    -0.25057     0.96810
                       OPD =   -3.137 Waves
RSI SO..I W2 F1 R3
    Double Gauss F/2 -  Available Glasses
    Position  1, Wavelength =   587.6 NM
            X           Y           Z         TANX        TANY       LENGTH         L           M           N
OBJ      0.00000     0.00000     0.00000     0.00000     0.00000                 0.00000     0.00000     1.00000
  1      0.00000   -25.00000     5.86643     0.00000     0.18530     5.86643     0.00000     0.29558     1.59514
  2      0.00000   -24.10977     1.92063     0.00000     0.20095     4.88598     0.00000     0.19701     0.98040
  3      0.00000   -22.84499     7.71453     0.00000     0.39427     6.41972     0.00000     0.58957     1.49535
  4      0.00000   -20.95824     0.00000     0.00000     0.39539     5.14398     0.00000     0.58957     1.49109
  5      0.00000   -16.78489     6.75494     0.00000     0.11258    11.35004     0.00000     0.11188     0.99372
STO      0.00000   -15.70246     0.00000     0.00000     0.11258     9.67525     0.00000     0.11188     0.99372
  7      0.00000   -14.61068    -4.05038     0.00000    -0.15343     9.75884     0.00000    -0.24317     1.58487
  8      0.00000   -15.81516     0.00000     0.00000    -0.15178     7.94224     0.00000    -0.24317     1.60206
  9      0.00000   -16.88295    -3.96509     0.00000     0.05704     7.11548     0.00000     0.05695     0.99838
 10      0.00000   -16.58396     0.77681     0.00000     0.07113     5.25042     0.00000     0.11496     1.61632
 11      0.00000   -16.26101    -1.68270     0.00000     0.25883     4.55196     0.00000     0.25057     0.96810
IMG      0.00000    -0.01414     0.00000     0.00000     0.25883    64.83849     0.00000     0.25057     0.96810
                       OPD =   -3.137 Waves
RSI SO..I W2 F1 R4
    Double Gauss F/2 -  Available Glasses
    Position  1, Wavelength =   587.6 NM
            X           Y           Z         TANX        TANY       LENGTH         L           M           N
OBJ      0.00000     0.00000     0.00000     0.00000     0.00000                 0.00000     0.00000     1.00000
  1     25.00000     0.00000     5.86643    -0.18530     0.00000     5.86643    -0.29558     0.00000     1.59514
  2     24.10977     0.00000     1.92063    -0.20095     0.00000     4.88598    -0.19701     0.00000     0.98040
  3     22.84499     0.00000     7.71453    -0.39427     0.00000     6.41972    -0.58957     0.00000     1.49535
  4     20.95824     0.00000     0.00000    -0.39539     0.00000     5.14398    -0.58957     0.00000     1.49109
  5     16.78489     0.00000     6.75494    -0.11258     0.00000    11.35004    -0.11188     0.00000     0.99372
STO     15.70246     0.00000     0.00000    -0.11258     0.00000     9.67525    -0.11188     0.00000     0.99372
  7     14.61068     0.00000    -4.05038     0.15343     0.00000     9.75884     0.24317     0.00000     1.58487
  8     15.81516     0.00000     0.00000     0.15178     0.00000     7.94224     0.24317     0.00000     1.60206
  9     16.88295     0.00000    -3.96509    -0.05704     0.00000     7.11548    -0.05695     0.00000     0.99838
 10     16.58396     0.00000     0.77681    -0.07113     0.00000     5.25042    -0.11496     0.00000     1.61632
 11     16.26101     0.00000    -1.68270    -0.25883     0.00000     4.55196    -0.25057     0.00000     0.96810
IMG      0.01414     0.00000     0.00000    -0.25883     0.00000    64.83849    -0.25057     0.00000     0.96810
                       OPD =   -3.137 Waves
RSI SO..I W2 F1 R5
    Double Gauss F/2 -  Available Glasses
    Position  1, Wavelength =   587.6 NM
            X           Y           Z         TANX        TANY       LENGTH         L           M           N
OBJ      0.00000     0.00000     0.00000     0.00000     0.00000                 0.00000     0.00000     1.00000
  1    -25.00000     0.00000     5.86643     0.18530     0.00000     5.86643     0.29558     0.00000     1.59514
  2    -24.10977     0.00000     1.92063     0.20095     0.00000     4.88598     0.19701     0.00000     0.98040
  3    -22.84499     0.00000     7.71453     0.39427     0.00000     6.41972     0.58957     0.00000     1.49535
  4    -20.95824     0.00000     0.00000     0.39539     0.00000     5.14398     0.58957     0.00000     1.49109
  5    -16.78489     0.00000     6.75494     0.11258     0.00000    11.35004     0.11188     0.00000     0.99372
STO    -15.70246     0.00000     0.00000     0.11258     0.00000     9.67525     0.11188     0.00000     0.99372
  7    -14.61068     0.00000    -4.05038    -0.15343     0.00000     9.75884    -0.24317     0.00000     1.58487
  8    -15.81516     0.00000     0.00000    -0.15178     0.00000     7.94224    -0.24317     0.00000     1.60206
  9    -16.88295     0.00000    -3.96509     0.05704     0.00000     7.11548     0.05695     0.00000     0.99838
 10    -16.58396     0.00000     0.77681     0.07113     0.00000     5.25042     0.11496     0.00000     1.61632
 11    -16.26101     0.00000    -1.68270     0.25883     0.00000     4.55196     0.25057     0.00000     0.96810
IMG     -0.01414     0.00000     0.00000     0.25883     0.00000    64.83849     0.25057     0.00000     0.96810
                       OPD =   -3.137 Waves
RSI SO..I W2 F2 R1
    Double Gauss F/2 -  Available Glasses
    Position  1, Wavelength =   587.6 NM
            X           Y           Z         TANX        TANY       LENGTH         L           M           N
OBJ      0.00000  -0.175E+12     0.00000     0.00000     0.17633                 0.00000     0.17365     0.98481
  1      0.00000   -10.19912     0.93317     0.00000     0.17947     0.94757     0.00000     0.28658     1.59678
  2      0.00000    -8.75105     0.25165     0.00000     0.25863     8.19739     0.00000     0.25039     0.96814
  3      0.00000    -8.43926     0.95717     0.00000     0.24769     1.24519     0.00000     0.38645     1.56023
  4      0.00000    -5.58023     0.00000     0.00000     0.24834    11.89164     0.00000     0.38645     1.55615
  5      0.00000    -4.53043     0.42729     0.00000     0.28418     4.35569     0.00000     0.27336     0.96191
STO      0.00000     0.00000     0.00000     0.00000     0.28418    16.57339     0.00000     0.27336     0.96191
  7      0.00000     3.83298    -0.26006     0.00000     0.22729    14.02195     0.00000     0.35537     1.56354
  8      0.00000     4.75577     0.00000     0.00000     0.22478     4.16360     0.00000     0.35537     1.58096
  9      0.00000     7.07857    -0.66644     0.00000     0.24665    10.59140     0.00000     0.23947     0.97090
 10      0.00000     7.40439     0.15458     0.00000     0.13255     1.36061     0.00000     0.21293     1.60636
 11      0.00000     8.25474    -0.43020     0.00000     0.15006     6.47133     0.00000     0.14840     0.98893
IMG      0.00000    17.48586     0.00000     0.00000     0.15006    62.20621     0.00000     0.14840     0.98893
                       OPD =    0.000 Waves
RSI SO..I W2 F2 R2
    Double Gauss F/2 -  Available Glasses
    Position  1, Wavelength =   587.6 NM
            X           Y           Z         TANX        TANY       LENGTH         L           M           N
OBJ      0.00000  -0.175E+12     0.00000     0.00000     0.17633                 0.00000     0.17365     0.98481
  1      0.00000     9.78777     0.85884     0.00000     0.03770     0.87209     0.00000     0.06111     1.62114
  2      0.00000    10.09787     0.33516     0.00000     0.10329     8.23216     0.00000     0.10274     0.99471
  3      0.00000    10.26200     1.42422     0.00000    -0.04373     1.59752     0.00000    -0.07023     1.60584
  4      0.00000     9.77763     0.00000     0.00000    -0.04384    11.08636     0.00000    -0.07023     1.60188
  5      0.00000     9.52551     1.95080     0.00000     0.19916     5.75633     0.00000     0.19533     0.98074
STO      0.00000    12.39718     0.00000     0.00000     0.19916    14.70183     0.00000     0.19533     0.98074
  7      0.00000    14.35841    -3.90063     0.00000     0.33657    10.04073     0.00000     0.51146     1.51965
  8      0.00000    16.95018     0.00000     0.00000     0.33264     8.12509     0.00000     0.51146     1.53757
  9      0.00000    18.92611    -5.05993     0.00000     0.19486     6.26009     0.00000     0.19126     0.98154
 10      0.00000    20.23513     1.15776     0.00000     0.07327     6.84405     0.00000     0.11842     1.61608
 11      0.00000    20.46664    -2.68274     0.00000    -0.04625     3.16797     0.00000    -0.04620     0.99893
IMG      0.00000    17.51722     0.00000     0.00000    -0.04625    63.83818     0.00000    -0.04620     0.99893
                       OPD =   -3.972 Waves
RSI SO..I W2 F2 R3
    Double Gauss F/2 -  Available Glasses
    Position  1, Wavelength =   587.6 NM
            X           Y           Z         TANX        TANY       LENGTH         L           M           N
OBJ      0.00000  -0.175E+12     0.00000     0.00000     0.17633                 0.00000     0.17365     0.98481
  1      0.00000   -27.81492     7.36553     0.00000     0.31899     7.47916     0.00000     0.49302     1.54556
  2      0.00000   -26.62506     2.34558     0.00000     0.41415     3.91522     0.00000     0.38263     0.92390
  3      0.00000   -23.86180     8.51767     0.00000     0.55282     7.22167     0.00000     0.77767     1.40673
  4      0.00000   -21.66029     0.00000     0.00000     0.55461     4.55034     0.00000     0.77767     1.40220
  5      0.00000   -16.13846     6.15629     0.00000     0.38468    11.38500     0.00000     0.35903     0.93333
STO      0.00000   -12.20968     0.00000     0.00000     0.38468    10.94276     0.00000     0.35903     0.93333
  7      0.00000    -7.28721    -0.95162     0.00000     0.11538    13.71047     0.00000     0.18379     1.59285
  8      0.00000    -6.73894     0.00000     0.00000     0.11416     4.78315     0.00000     0.18379     1.60995
  9      0.00000    -5.52946    -0.40526     0.00000     0.29117    10.66356     0.00000     0.27956     0.96013
 10      0.00000    -5.24331     0.07750     0.00000     0.18726     1.02357     0.00000     0.29826     1.59272
 11      0.00000    -3.96553    -0.09907     0.00000     0.35043     6.94204     0.00000     0.33071     0.94373
IMG      0.00000    17.47579     0.00000     0.00000     0.35043    64.83439     0.00000     0.33071     0.94373
                       OPD =   -2.241 Waves
RSI SO..I W2 F2 R4
    Double Gauss F/2 -  Available Glasses
    Position  1, Wavelength =   587.6 NM
            X           Y           Z         TANX        TANY       LENGTH         L           M           N
OBJ      0.00000  -0.175E+12     0.00000     0.00000     0.17633                 0.00000     0.17365     0.98481
  1     25.00000    -9.18039     6.71068    -0.18828     0.17974     6.81421    -0.29559     0.28219     1.56998
  2     24.20703    -8.42336     2.17240    -0.20595     0.26064     4.35207    -0.19545     0.24735     0.94901
  3     22.81338    -6.65967     8.43919    -0.40478     0.24924     7.13037    -0.58762     0.36183     1.45171
  4     21.16966    -5.64754     0.00000    -0.40600     0.25000     4.49627    -0.58762     0.36183     1.44732
  5     16.78334    -2.94664     7.00362    -0.11278     0.29075    11.96883    -0.10766     0.27756     0.95466
STO A   15.72711    -0.22355     0.00000    -0.11278     0.29075     9.81068    -0.10766     0.27756     0.95466
  7     14.65135     2.54988    -4.20899     0.16244     0.21984     9.99205     0.25123     0.34002     1.54668
  8     15.95229     4.31059     0.00000     0.16061     0.21737     8.30280     0.25123     0.34002     1.56428
  9     16.99505     5.72188    -4.50737    -0.05265     0.24565     6.72557    -0.05106     0.23825     0.96986
 10     16.68233     7.18092     0.93211    -0.06918     0.13260     6.12405    -0.11087     0.21250     1.60258
 11     16.40759     7.70749    -2.09674    -0.25881     0.15478     4.01532    -0.24779     0.14818     0.95741
IMG      0.05475    17.48688     0.00000    -0.25881     0.15478    65.99448    -0.24779     0.14818     0.95741
                       OPD =    1.889 Waves
RSI SO..I W2 F2 R5
    Double Gauss F/2 -  Available Glasses
    Position  1, Wavelength =   587.6 NM
            X           Y           Z         TANX        TANY       LENGTH         L           M           N
OBJ      0.00000  -0.175E+12     0.00000     0.00000     0.17633                 0.00000     0.17365     0.98481
  1    -25.00000    -9.18039     6.71068     0.18828     0.17974     6.81421     0.29559     0.28219     1.56998
  2    -24.20703    -8.42336     2.17240     0.20595     0.26064     4.35207     0.19545     0.24735     0.94901
  3    -22.81338    -6.65967     8.43919     0.40478     0.24924     7.13037     0.58762     0.36183     1.45171
  4    -21.16966    -5.64754     0.00000     0.40600     0.25000     4.49627     0.58762     0.36183     1.44732
  5    -16.78334    -2.94664     7.00362     0.11278     0.29075    11.96883     0.10766     0.27756     0.95466
STO A  -15.72711    -0.22355     0.00000     0.11278     0.29075     9.81068     0.10766     0.27756     0.95466
  7    -14.65135     2.54988    -4.20899    -0.16244     0.21984     9.99205    -0.25123     0.34002     1.54668
  8    -15.95229     4.31059     0.00000    -0.16061     0.21737     8.30280    -0.25123     0.34002     1.56428
  9    -16.99505     5.72188    -4.50737     0.05265     0.24565     6.72557     0.05106     0.23825     0.96986
 10    -16.68233     7.18092     0.93211     0.06918     0.13260     6.12405     0.11087     0.21250     1.60258
 11    -16.40759     7.70749    -2.09674     0.25881     0.15478     4.01532     0.24779     0.14818     0.95741
IMG     -0.05475    17.48688     0.00000     0.25881     0.15478    65.99448     0.24779     0.14818     0.95741
                       OPD =    1.889 Waves
RSI SO..I W2 F3 R1
    Double Gauss F/2 -  Available Glasses
    Position  1, Wavelength =   587.6 NM
            X           Y           Z         TANX        TANY       LENGTH         L           M           N
OBJ      0.00000  -0.248E+12     0.00000     0.00000     0.24933                 0.00000     0.24192     0.97030
  1      0.00000   -14.40611     1.87770     0.00000     0.25540     1.93518     0.00000     0.40144     1.57184
  2      0.00000   -12.51930     0.51547     0.00000     0.37252     7.62492     0.00000     0.34908     0.93709
  3      0.00000   -11.81698     1.90080     0.00000     0.35641     2.01189     0.00000     0.53964     1.51409
  4      0.00000    -8.03932     0.00000     0.00000     0.35740    11.25228     0.00000     0.53964     1.50988
  5      0.00000    -6.37600     0.85391     0.00000     0.41094     4.94221     0.00000     0.38010     0.92495
STO      0.00000     0.00000     0.00000     0.00000     0.41094    16.77454     0.00000     0.38010     0.92495
  7      0.00000     5.43384    -0.52511     0.00000     0.32606    14.29581     0.00000     0.49706     1.52443
  8      0.00000     6.84408     0.00000     0.00000     0.32228     4.54922     0.00000     0.49706     1.54229
  9      0.00000     9.96017    -1.33126     0.00000     0.35416    10.15847     0.00000     0.33384     0.94263
 10      0.00000    10.72361     0.32439     0.00000     0.18478     2.28685     0.00000     0.29443     1.59343
 11      0.00000    11.79437    -0.88075     0.00000     0.20647     5.89296     0.00000     0.20220     0.97934
IMG      0.00000    24.58874     0.00000     0.00000     0.20647    63.27504     0.00000     0.20220     0.97934
                       OPD =    0.000 Waves
RSI SO..I W2 F3 R2
    Double Gauss F/2 -  Available Glasses
    Position  1, Wavelength =   587.6 NM
            X           Y           Z         TANX        TANY       LENGTH         L           M           N
OBJ      0.00000  -0.248E+12     0.00000     0.00000     0.24933                 0.00000     0.24192     0.97030
  1      0.00000     0.12576     0.00014     0.00000     0.14991     0.00015     0.00000     0.24050     1.60437
  2      0.00000     1.43843     0.00679     0.00000     0.25435     8.85449     0.00000     0.24650     0.96914
  3      0.00000     1.57222     0.03281     0.00000     0.13848     0.54277     0.00000     0.22049     1.59218
  4      0.00000     3.29868     0.00000     0.00000     0.13883    12.58616     0.00000     0.22049     1.58819
  5      0.00000     3.86939     0.31094     0.00000     0.34292     4.15037     0.00000     0.32438     0.94593
STO      0.00000     9.37619     0.00000     0.00000     0.34292    16.97647     0.00000     0.32438     0.94593
  7      0.00000    13.00804    -3.15703     0.00000     0.40573    11.19634     0.00000     0.60282     1.48578
  8      0.00000    15.83070     0.00000     0.00000     0.40079     7.50784     0.00000     0.60282     1.50410
  9      0.00000    18.34320    -4.73107     0.00000     0.31331     6.75368     0.00000     0.29898     0.95426
 10      0.00000    20.34900     1.17087     0.00000     0.13949     6.70881     0.00000     0.22386     1.60487
 11      0.00000    20.77627    -2.76600     0.00000     0.05952     3.09278     0.00000     0.05942     0.99823
IMG      0.00000    24.57706     0.00000     0.00000     0.05952    63.96629     0.00000     0.05942     0.99823
                       OPD =    0.894 Waves
RSI SO..I W2 F3 R3
    Double Gauss F/2 -  Available Glasses
    Position  1, Wavelength =   587.6 NM
            X           Y           Z         TANX        TANY       LENGTH         L           M           N
OBJ      0.00000  -0.248E+12     0.00000     0.00000     0.24933                 0.00000     0.24192     0.97030
  1      0.00000   -28.01001     7.47716     0.00000     0.36743     7.70607     0.00000     0.55951     1.52275
  2      0.00000   -26.67710     2.35482     0.00000     0.50064     3.86479     0.00000     0.44767     0.89420
  3      0.00000   -23.49126     8.21840     0.00000     0.60445     7.11650     0.00000     0.83149     1.37561
  4      0.00000   -20.90325     0.00000     0.00000     0.60649     5.00299     0.00000     0.83149     1.37098
  5      0.00000   -15.29900     5.44044     0.00000     0.49631    10.80709     0.00000     0.44457     0.89575
STO      0.00000    -9.87484     0.00000     0.00000     0.49631    12.20101     0.00000     0.44457     0.89575
  7      0.00000    -3.13799    -0.17403     0.00000     0.23761    15.15376     0.00000     0.37066     1.55999
  8      0.00000    -2.19374     0.00000     0.00000     0.23498     4.08467     0.00000     0.37066     1.57744
  9      0.00000     0.39052    -0.00201     0.00000     0.39082    11.29753     0.00000     0.36401     0.93140
 10      0.00000     0.58709     0.00097     0.00000     0.22910     0.54003     0.00000     0.36186     1.57949
 11      0.00000     2.18370    -0.03003     0.00000     0.36665     7.14955     0.00000     0.34424     0.93888
IMG      0.00000    24.59236     0.00000     0.00000     0.36665    65.09587     0.00000     0.34424     0.93888
                       OPD =    0.361 Waves
RSI SO..I W2 F3 R4
    Double Gauss F/2 -  Available Glasses
    Position  1, Wavelength =   587.6 NM
            X           Y           Z         TANX        TANY       LENGTH         L           M           N
OBJ      0.00000  -0.248E+12     0.00000     0.00000     0.24933                 0.00000     0.24192     0.97030
  1     25.00000   -12.98672     7.57057    -0.19129     0.25592     7.80234    -0.29561     0.39548     1.54533
  2     24.30818   -12.06116     2.43719    -0.21114     0.37569     3.79674    -0.19390     0.34501     0.91835
  3     22.78314    -9.34757     9.16015    -0.41573     0.35899     7.86514    -0.58569     0.50576     1.40884
  4     21.39468    -8.14859     0.00000    -0.41706     0.36015     3.81051    -0.58569     0.50576     1.40432
  5     16.78315    -4.16640     7.25711    -0.11292     0.42117    12.62473    -0.10351     0.38606     0.91665
STO A   15.75417    -0.32860     0.00000    -0.11292     0.42117     9.94093    -0.10351     0.38606     0.91665
  7     14.69554     3.61983    -4.37294     0.17178     0.31501    10.22750     0.25926     0.47542     1.50921
  8     16.09953     6.19440     0.00000     0.16976     0.31129     8.68312     0.25926     0.47542     1.52725
  9     17.10970     8.04682    -5.04922    -0.04804     0.35261     6.31377    -0.04526     0.33220     0.94212
 10     16.79018    10.39221     1.10230    -0.06727     0.18493     7.06015    -0.10695     0.29402     1.58992
 11     16.56377    11.01468    -2.53169    -0.25861     0.21312     3.43055    -0.24521     0.20208     0.94818
IMG      0.11106    24.57317     0.00000    -0.25861     0.21312    67.09617    -0.24521     0.20208     0.94818
                       OPD =    3.840 Waves
RSI SO..I W2 F3 R5
    Double Gauss F/2 -  Available Glasses
    Position  1, Wavelength =   587.6 NM
            X           Y           Z         TANX        TANY       LENGTH         L           M           N
OBJ      0.00000  -0.248E+12     0.00000     0.00000     0.24933                 0.00000     0.24192     0.97030
  1    -25.00000   -12.98672     7.57057     0.19129     0.25592     7.80234     0.29561     0.39548     1.54533
  2    -24.30818   -12.06116     2.43719     0.21114     0.37569     3.79674     0.19390     0.34501     0.91835
  3    -22.78314    -9.34757     9.16015     0.41573     0.35899     7.86514     0.58569     0.50576     1.40884
  4    -21.39468    -8.14859     0.00000     0.41706     0.36015     3.81051     0.58569     0.50576     1.40432
  5    -16.78315    -4.16640     7.25711     0.11292     0.42117    12.62473     0.10351     0.38606     0.91665
STO A  -15.75417    -0.32860     0.00000     0.11292     0.42117     9.94093     0.10351     0.38606     0.91665
  7    -14.69554     3.61983    -4.37294    -0.17178     0.31501    10.22750    -0.25926     0.47542     1.50921
  8    -16.09953     6.19440     0.00000    -0.16976     0.31129     8.68312    -0.25926     0.47542     1.52725
  9    -17.10970     8.04682    -5.04922     0.04804     0.35261     6.31377     0.04526     0.33220     0.94212
 10    -16.79018    10.39221     1.10230     0.06727     0.18493     7.06015     0.10695     0.29402     1.58992
 11    -16.56377    11.01468    -2.53169     0.25861     0.21312     3.43055     0.24521     0.20208     0.94818
IMG     -0.11106    24.57317     0.00000     0.25861     0.21312    67.09617     0.24521     0.20208     0.94818
                       OPD =    3.840 Waves
